A,R,N,D,C,E,Q,G,H,I,L,K,M,F,P,S,T,W,Y,V,id,label
5.646,4.566,4.762,3.903,2.455,5.106,4.492,7.953,2.823,5.842,10.039,3.117,1.718,4.173,5.277,9.18,6.431,1.571,2.381,8.567,Negative_44,0
4.772,4.338,6.941,4.121,5.206,9.328,3.037,7.809,2.169,5.423,6.074,6.074,1.302,4.555,3.254,5.857,6.725,1.518,3.471,8.026,Positive_69,1
4.274,5.128,7.692,4.274,1.709,6.838,3.419,5.983,2.564,5.128,11.111,5.128,3.419,3.419,5.983,8.547,5.128,1.709,1.709,6.838,Negative_995,0
7.907,7.907,2.946,5.116,1.24,5.426,4.031,8.217,2.636,4.186,6.977,5.271,1.55,4.806,10.078,4.341,4.341,2.636,4.496,5.891,Positive_848,1
3.349,1.435,8.612,7.656,0.478,4.785,2.871,9.091,1.435,13.397,5.742,9.569,3.828,2.871,6.22,3.349,2.392,2.871,3.828,6.22,Positive_552,1
6.803,6.803,3.061,4.082,1.701,6.463,6.463,5.782,2.721,3.741,11.565,5.102,1.361,3.061,8.844,6.122,5.102,2.041,3.061,6.122,Negative_949,0
10.432,6.115,3.237,4.317,1.799,5.755,1.799,8.993,1.439,5.036,8.993,5.396,3.237,2.518,3.957,8.273,6.475,1.079,0.719,10.432,Positive_106,1
5.347,3.762,3.168,7.129,1.98,6.931,4.752,4.158,2.772,6.931,10.297,7.723,3.366,5.347,4.95,7.723,5.149,0.198,3.564,4.752,Positive_185,1
8.318,6.654,2.588,5.36,1.109,7.394,2.957,10.166,2.957,4.436,9.797,4.251,2.588,4.621,3.327,7.579,4.067,1.109,3.697,7.024,Positive_725,1
14.128,7.726,1.766,5.519,2.87,5.077,2.649,10.155,2.649,0.883,12.583,0.883,0.883,4.194,7.064,6.623,2.649,1.766,0.662,9.272,Positive_63,1
8.14,10.271,1.647,4.167,2.519,11.434,6.395,6.88,1.453,2.422,13.372,3.779,1.163,1.357,6.492,7.849,2.713,1.55,1.55,4.845,Negative_162,0
9.091,4.848,4.242,8.485,3.636,9.091,4.848,3.636,1.818,4.242,13.333,3.03,1.818,2.424,5.455,5.455,4.242,1.212,1.212,7.879,Negative_440,0
7.53,3.464,2.56,2.56,2.259,4.819,1.958,8.133,1.355,10.09,10.994,4.217,4.066,5.572,4.066,6.476,6.627,2.108,3.765,7.38,Positive_928,1
11.5,6.5,2.5,6.0,0.0,6.0,5.5,6.5,1.0,6.0,8.5,9.0,1.0,3.0,2.5,5.0,5.5,1.0,1.5,11.5,Positive_856,1
0.0,11.111,22.222,11.111,0.0,11.111,0.0,0.0,0.0,0.0,0.0,0.0,11.111,11.111,11.111,0.0,11.111,0.0,0.0,0.0,Negative_62,0
6.883,3.442,3.824,4.589,2.294,3.824,5.545,7.266,2.868,4.78,9.56,4.78,2.868,4.207,6.31,7.648,6.31,2.868,3.442,6.692,Negative_883,0
8.419,2.875,3.08,1.437,2.053,4.312,2.464,7.187,0.616,11.088,11.704,3.696,2.259,5.544,5.544,7.187,5.749,1.643,4.928,8.214,Negative_130,0
7.299,4.38,4.38,5.109,2.19,7.664,6.204,3.285,2.555,5.839,12.044,6.204,1.46,1.825,4.745,10.219,4.015,2.19,1.46,6.934,Positive_334,1
5.699,4.663,2.073,3.886,3.109,5.959,2.85,8.549,5.181,6.995,10.622,2.85,3.109,8.29,5.181,6.995,2.85,2.332,3.109,5.699,Negative_83,0
4.783,5.83,5.83,3.587,3.139,5.531,4.335,6.726,2.242,2.84,9.268,3.438,2.84,5.232,7.324,10.164,5.082,1.943,4.634,5.232,Positive_36,1
5.751,3.834,4.792,6.07,2.875,7.348,2.875,5.751,4.473,8.626,8.946,7.348,2.236,4.473,6.07,3.195,5.751,0.639,4.153,4.792,Positive_172,1
8.464,5.329,5.172,6.897,1.567,5.486,3.135,9.561,2.978,3.762,7.994,5.486,2.821,3.448,3.605,6.583,6.113,2.194,3.448,5.956,Positive_619,1
10.196,6.275,5.098,4.706,1.176,8.235,2.745,9.412,2.353,5.882,10.196,3.922,1.569,3.922,1.176,5.098,7.059,0.392,1.961,8.627,Positive_1222,1
7.265,4.701,0.855,5.983,3.846,8.974,6.838,5.556,2.137,0.427,10.256,6.41,3.846,3.846,5.556,8.12,3.419,3.419,2.137,6.41,Negative_532,0
5.263,6.732,4.406,6.487,1.714,5.386,3.672,10.404,2.448,4.162,7.344,3.06,2.203,3.06,5.753,8.323,5.508,1.836,3.305,8.935,Negative_944,0
7.709,3.355,6.495,3.498,2.355,5.282,6.138,6.281,3.64,3.569,10.064,5.282,1.713,2.641,6.138,9.993,6.067,1.713,2.926,5.139,Negative_1007,0
11.087,4.904,2.559,3.412,2.985,2.985,2.345,7.036,1.706,3.412,13.646,4.051,2.559,4.904,5.757,8.529,4.904,2.559,2.985,7.676,Negative_820,0
10.149,4.703,2.723,2.723,3.218,3.96,2.97,8.168,2.228,5.693,13.614,2.228,3.218,3.96,5.941,8.416,5.693,2.475,2.723,5.198,Negative_469,0
7.778,3.333,4.444,3.333,7.778,8.889,4.444,5.556,3.333,6.667,12.222,5.556,3.333,5.556,2.222,4.444,3.333,3.333,1.111,3.333,Negative_1082,0
10.0,9.615,2.308,5.192,0.962,4.615,4.808,9.038,2.692,2.115,10.962,3.462,0.962,5.385,7.115,5.385,3.462,3.654,3.269,5.0,Positive_849,1
14.151,9.434,0.472,4.245,2.358,5.189,2.358,6.132,2.358,2.358,12.736,2.83,1.887,4.245,4.245,6.132,3.302,2.358,1.415,11.792,Negative_145,0
9.101,6.501,1.625,4.984,3.142,6.176,6.392,9.859,2.059,3.359,12.026,1.733,2.492,3.575,3.467,6.934,5.417,0.542,0.975,9.642,Negative_509,0
11.295,4.775,1.469,2.755,1.469,3.949,4.316,7.438,3.03,3.03,16.253,2.388,2.112,5.785,7.438,6.795,4.775,2.388,1.653,6.887,Negative_1236,0
12.556,4.036,0.448,4.036,1.794,3.139,4.484,6.726,3.139,7.175,11.211,1.794,1.345,8.52,6.726,7.175,4.484,3.139,2.691,5.381,Negative_231,0
9.827,6.936,1.156,1.734,3.468,0.578,2.312,8.671,2.312,6.936,9.249,0.578,5.78,9.249,1.734,8.671,5.78,4.046,5.202,5.78,Negative_1151,0
7.727,7.159,4.545,6.477,0.341,9.318,3.068,6.477,1.705,8.636,9.318,4.886,2.159,1.932,3.068,6.591,5.455,0.227,2.727,8.182,Positive_246,1
6.942,6.353,2.903,5.048,2.314,5.764,3.492,6.984,2.735,4.796,11.695,3.197,2.566,4.544,7.236,10.223,3.955,1.304,2.103,5.848,Negative_160,0
6.437,1.647,4.192,9.132,0.449,6.138,4.491,7.784,0.898,5.539,7.335,13.174,1.796,2.994,3.293,5.539,6.886,1.647,3.593,7.036,Positive_1097,1
1.724,2.586,2.586,6.034,2.586,6.034,2.586,12.069,2.586,3.448,12.931,2.586,1.724,6.034,12.069,11.207,3.448,3.448,1.724,2.586,Negative_146,0
5.9,4.13,2.95,5.015,2.95,2.95,3.54,13.274,1.77,2.065,8.85,4.13,0.885,4.425,6.785,10.029,6.785,2.065,7.965,3.54,Negative_961,0
3.125,12.5,1.562,0.0,6.25,1.562,7.812,4.688,1.562,3.125,17.188,6.25,1.562,3.125,7.812,12.5,7.812,1.562,0.0,0.0,Negative_301,0
9.444,10.556,5.0,1.667,7.778,8.889,1.667,5.556,0.556,3.889,10.0,6.111,2.222,1.667,6.111,5.0,4.444,2.222,2.222,5.0,Negative_798,0
10.0,0.0,0.0,0.0,0.0,10.0,0.0,10.0,0.0,10.0,0.0,0.0,0.0,0.0,10.0,0.0,20.0,0.0,10.0,20.0,Negative_53,0
9.091,4.132,4.132,0.826,3.306,2.479,4.959,4.959,0.826,3.306,11.57,1.653,4.132,3.306,12.397,8.264,9.091,3.306,0.826,7.438,Negative_20,0
5.43,5.43,4.072,4.525,4.977,4.977,3.62,5.882,2.715,4.525,5.882,11.765,1.357,4.525,5.43,12.217,5.43,1.81,2.262,3.167,Negative_1288,0
9.649,5.263,0.877,1.754,3.509,6.14,4.386,13.158,4.386,0.0,7.018,3.509,1.754,4.386,11.404,9.649,3.509,2.632,0.0,7.018,Negative_1090,0
5.714,9.524,0.0,6.667,0.952,6.667,4.762,11.429,3.81,2.857,7.619,0.0,1.905,8.571,6.667,7.619,3.81,4.762,1.905,4.762,Negative_1111,0
12.668,7.817,1.617,2.695,2.965,2.965,2.426,6.469,2.426,3.235,13.208,1.078,2.695,3.774,7.008,9.434,4.582,2.965,1.887,8.086,Negative_1008,0
8.421,1.053,1.053,8.421,1.053,8.421,3.158,8.421,1.053,4.211,10.526,10.526,4.211,6.316,1.053,7.368,6.316,0.0,2.105,6.316,Positive_543,1
8.984,4.297,5.859,4.688,0.0,8.203,3.516,8.984,1.953,7.031,10.156,6.641,1.953,3.516,1.953,6.641,3.906,0.0,3.516,8.203,Positive_1164,1
5.712,5.712,4.474,6.676,7.158,5.368,3.166,10.53,3.648,3.854,8.741,2.753,1.101,2.615,2.478,8.741,4.749,3.923,1.101,7.502,Negative_155,0
6.962,5.316,4.937,4.557,1.646,7.848,2.911,4.051,2.152,5.949,12.405,6.076,3.291,5.949,4.43,5.823,5.696,1.392,2.911,5.696,Positive_782,1
8.696,6.087,3.478,4.348,4.348,4.348,6.087,7.826,0.87,0.0,11.304,4.348,1.739,4.348,10.435,10.435,1.739,1.739,0.87,6.957,Negative_948,0
4.826,6.166,3.217,4.558,2.145,4.29,3.753,9.92,1.34,6.166,13.137,6.166,2.413,4.021,5.362,7.775,5.094,0.0,2.949,6.702,Negative_1308,0
8.547,13.675,2.564,0.855,3.419,1.709,4.274,5.983,0.855,3.419,7.692,13.675,2.564,0.855,3.419,6.838,5.128,0.0,4.274,10.256,Negative_817,0
9.877,10.185,0.617,3.704,0.0,11.111,2.16,8.951,2.469,5.864,16.049,3.086,1.543,2.469,6.481,1.852,5.556,0.0,2.469,5.556,Positive_1163,1
2.8,8.4,3.2,6.0,14.4,4.8,0.8,3.2,0.8,3.6,9.6,6.4,1.6,1.6,8.4,11.2,2.0,0.0,6.4,4.8,Negative_1183,0
6.25,3.75,5.139,3.472,2.361,7.083,2.778,7.361,1.806,6.806,9.861,8.194,2.778,3.889,4.861,6.806,5.556,1.111,4.028,6.111,Positive_517,1
4.83,6.798,3.22,6.977,1.968,5.903,3.578,4.83,3.936,5.903,9.481,6.798,2.683,3.399,5.188,8.587,4.472,0.894,3.936,6.619,Positive_366,1
5.707,4.982,5.707,4.982,2.446,6.703,3.351,4.71,2.083,6.25,11.051,6.522,1.993,6.341,2.536,6.159,5.435,2.264,3.804,6.975,Positive_541,1
5.128,3.846,5.128,2.564,8.974,0.0,3.846,7.692,2.564,3.846,10.256,6.41,3.846,8.974,7.692,5.128,3.846,2.564,1.282,6.41,Negative_342,0
12.414,6.897,0.69,3.448,0.69,4.138,8.966,8.276,2.759,1.379,6.207,0.69,1.379,3.448,11.034,13.793,5.517,2.759,0.69,4.828,Negative_227,0
2.985,5.33,6.183,5.117,4.691,4.904,2.772,8.316,1.919,8.316,4.691,4.691,1.493,2.772,4.478,10.235,7.249,2.559,3.625,7.676,Positive_11,1
8.997,1.917,5.457,7.522,0.0,6.637,4.277,7.817,0.885,6.637,7.817,11.504,2.065,2.655,3.245,5.31,6.49,0.737,3.982,6.047,Positive_888,1
5.476,7.301,2.086,5.606,2.477,8.083,4.824,7.04,2.868,2.999,10.952,3.52,2.608,4.172,6.519,9.909,3.651,1.434,2.738,5.737,Negative_933,0
8.584,5.664,3.54,3.717,1.239,7.965,2.92,7.788,2.124,2.92,8.496,7.257,1.593,2.566,7.965,10.619,5.752,1.15,2.655,5.487,Positive_97,1
5.655,6.548,2.381,2.679,2.083,3.869,5.655,8.631,4.762,4.464,12.202,2.381,1.786,7.143,8.333,6.845,3.571,1.488,1.786,7.738,Negative_588,0
7.585,8.024,4.192,4.75,1.118,6.387,4.232,7.745,2.715,4.551,8.303,4.391,3.393,4.99,6.866,6.547,4.75,1.277,3.034,5.15,Positive_967,1
2.899,15.942,1.449,5.797,1.449,7.246,5.797,7.246,0.0,4.348,8.696,4.348,2.899,1.449,2.899,7.246,8.696,0.0,0.0,11.594,Negative_837,0
5.66,6.386,2.612,5.806,2.032,8.708,4.644,5.951,3.048,4.499,11.03,7.837,3.483,5.225,4.499,5.951,3.193,1.016,3.193,5.225,Positive_239,1
3.892,1.946,8.533,7.485,0.0,6.138,3.443,6.886,1.647,9.281,6.886,13.623,2.695,2.395,2.545,6.437,4.192,1.048,5.539,5.389,Positive_826,1
5.45,3.815,6.54,6.54,0.545,7.357,3.542,6.267,2.997,7.629,6.812,9.537,1.907,5.722,3.542,2.997,4.087,1.09,7.357,6.267,Positive_586,1
12.5,15.278,2.778,0.0,1.389,1.389,4.167,6.944,2.778,0.0,15.278,1.389,2.778,6.944,11.111,2.778,4.167,0.0,2.778,5.556,Negative_1205,0
12.576,6.591,3.712,4.47,0.985,6.818,5.53,7.348,1.818,5.227,11.818,3.03,2.045,2.197,5.379,5.303,5.0,0.909,2.955,6.288,Positive_591,1
6.584,4.115,4.63,4.424,2.16,5.658,5.144,7.099,2.881,3.807,10.7,4.218,1.852,4.012,6.173,8.23,5.144,1.749,3.704,7.716,Positive_453,1
9.524,5.714,5.714,0.0,0.0,9.524,3.81,0.0,3.81,1.905,8.571,9.524,7.619,0.0,7.619,8.571,10.476,1.905,0.952,4.762,Negative_46,0
5.906,4.295,3.893,5.503,2.819,4.698,3.624,6.577,2.953,3.49,8.859,4.295,2.953,4.966,5.638,10.067,6.98,1.074,3.356,8.054,Negative_1056,0
6.286,5.143,5.143,3.429,2.857,2.571,2.0,4.857,2.857,5.714,16.286,3.143,3.429,6.857,3.429,6.571,5.429,1.714,3.714,8.571,Positive_794,1
10.606,8.333,3.03,2.273,1.515,5.303,3.03,6.818,1.515,1.515,17.424,1.515,1.515,3.788,11.364,7.576,6.818,0.0,2.273,3.788,Negative_275,0
4.0,7.2,4.8,0.8,1.6,13.6,2.4,6.4,3.2,4.8,12.8,2.4,4.0,4.8,7.2,6.4,4.0,0.8,0.8,8.0,Negative_993,0
7.329,7.092,3.783,6.383,2.128,5.674,2.837,5.674,2.837,7.329,5.91,5.674,2.837,4.255,6.856,5.201,6.147,2.6,3.783,5.674,Positive_242,1
7.738,9.524,1.19,4.762,0.0,7.738,6.548,11.31,3.571,1.19,4.167,2.381,2.381,3.571,8.929,16.071,2.976,2.976,1.19,1.786,Negative_128,0
9.559,8.824,2.941,6.618,1.471,9.559,2.941,7.353,2.206,2.941,11.765,2.206,1.471,3.676,5.882,6.618,2.206,1.471,1.471,8.824,Negative_69,0
4.396,4.835,3.077,4.176,3.956,6.593,3.736,5.714,3.077,5.495,10.11,6.593,2.857,3.077,8.791,8.791,7.912,0.22,2.418,4.176,Positive_38,1
14.948,4.639,5.155,2.577,3.351,3.608,6.701,3.866,2.577,3.351,7.216,4.639,3.866,3.093,9.021,5.155,7.732,0.258,2.062,6.186,Negative_618,0
10.294,0.0,0.0,4.412,29.412,11.765,1.471,7.353,0.0,0.0,0.0,11.765,1.471,0.0,5.882,10.294,4.412,0.0,0.0,1.471,Negative_1140,0
11.111,6.856,1.182,4.492,1.891,9.456,4.019,9.22,3.31,1.891,12.53,5.437,1.891,1.418,5.674,7.801,4.255,0.709,2.128,4.728,Negative_397,0
7.41,6.676,3.155,5.136,2.715,7.483,4.035,6.383,2.788,3.742,10.271,4.109,1.834,3.228,5.356,8.584,4.696,2.054,3.081,7.263,Positive_102,1
0.0,3.797,2.532,0.0,18.987,0.0,0.0,35.443,1.266,0.0,0.0,0.0,1.266,3.797,1.266,11.392,2.532,0.0,17.722,0.0,Negative_570,0
5.834,5.834,3.799,6.784,3.256,6.92,4.885,6.92,2.849,5.02,8.412,7.463,2.307,5.02,5.02,4.749,4.206,1.221,2.442,7.056,Positive_952,1
7.237,5.263,8.553,3.947,1.316,4.605,5.921,1.974,1.974,5.921,18.421,4.605,2.632,3.289,7.895,4.605,7.237,1.316,0.658,2.632,Positive_25,1
2.564,5.128,4.487,4.487,4.487,7.051,1.282,3.205,2.564,6.41,8.333,3.205,4.487,3.846,8.974,7.692,16.026,0.641,1.923,3.205,Negative_1224,0
6.122,6.122,3.401,4.989,4.989,6.803,5.896,5.215,2.041,4.535,11.111,5.215,0.907,3.628,6.122,9.07,4.308,0.227,4.082,5.215,Negative_297,0
7.46,2.016,4.032,2.218,1.21,4.435,3.629,4.839,1.008,6.653,10.685,4.032,2.823,6.452,4.435,10.282,5.04,2.016,6.452,10.282,Positive_482,1
4.568,5.185,4.938,4.444,5.926,6.914,3.827,7.654,2.963,2.716,5.926,6.049,1.358,2.593,8.519,6.914,7.531,2.346,3.704,5.926,Positive_39,1
8.972,3.925,3.645,4.299,2.056,4.673,8.598,7.57,2.523,2.897,8.224,4.673,2.617,3.458,8.692,9.252,5.701,1.308,1.869,5.047,Negative_548,0
4.911,7.143,3.571,3.125,1.786,4.911,2.679,6.696,2.232,1.786,11.607,3.571,1.786,3.125,9.821,11.161,7.143,3.571,1.339,8.036,Negative_1168,0
4.885,4.478,6.377,6.649,1.764,6.106,2.985,6.92,3.121,5.97,8.141,7.056,2.035,5.699,4.885,4.206,4.342,1.9,4.613,7.87,Positive_639,1
10.465,7.558,2.326,3.488,1.744,3.488,4.07,14.535,1.163,6.395,8.14,1.744,2.907,4.07,8.14,5.233,4.07,1.744,2.907,5.814,Negative_947,0
4.922,5.699,2.85,5.959,4.404,6.477,3.368,5.699,2.073,3.368,11.399,4.663,1.554,4.663,6.995,9.326,3.886,2.332,3.109,7.254,Negative_360,0
9.852,4.926,2.709,3.202,1.97,9.852,3.941,9.113,2.463,4.187,7.635,7.635,2.217,4.187,5.911,4.433,3.941,1.724,2.956,7.143,Positive_450,1
9.538,5.491,3.757,7.514,1.156,7.514,3.757,5.78,1.445,6.069,9.827,9.249,2.601,3.179,2.312,5.491,6.358,0.289,3.179,5.491,Positive_1030,1
5.66,5.66,0.629,3.774,1.887,1.887,3.145,9.434,3.145,1.887,1.887,5.031,13.836,1.887,25.157,3.774,5.031,0.629,3.145,2.516,Negative_844,0
12.432,2.703,5.405,9.189,0.541,6.486,1.622,12.973,1.622,2.703,7.568,6.486,1.622,3.243,9.73,7.027,1.081,0.0,0.541,7.027,Negative_628,0
6.61,4.478,2.559,5.544,2.345,5.33,5.544,7.463,2.345,3.625,11.94,3.625,1.493,4.691,7.463,7.676,6.61,0.426,2.772,7.463,Negative_366,0
6.387,5.042,3.866,4.37,2.521,4.706,4.706,7.731,2.521,3.361,9.748,3.025,1.681,2.521,7.563,10.084,7.227,1.849,3.529,7.563,Negative_1258,0
7.143,7.563,1.891,3.151,1.891,6.092,5.252,5.042,1.891,2.101,14.076,2.311,1.471,6.303,8.824,8.613,6.092,1.261,1.05,7.983,Negative_124,0
10.69,7.931,3.448,5.517,2.414,5.172,2.069,5.517,4.483,2.414,7.586,3.793,2.069,1.379,10.69,14.138,4.828,0.345,1.034,4.483,Negative_1177,0
10.983,4.624,2.89,4.046,1.734,5.202,4.046,5.202,2.312,5.78,9.827,2.89,1.734,3.468,3.468,10.983,6.358,1.734,4.624,8.092,Negative_908,0
4.487,4.915,3.846,5.983,1.923,4.701,2.35,5.769,1.923,7.906,10.47,5.342,1.923,5.556,4.274,7.906,6.197,2.564,2.991,8.974,Positive_814,1
9.32,4.854,2.33,4.563,2.913,5.728,5.534,4.175,3.01,2.621,16.893,3.592,1.845,3.981,6.117,8.35,4.078,0.777,1.359,7.961,Negative_634,0
4.301,5.161,4.731,6.022,2.151,3.656,2.151,4.946,1.935,7.312,10.108,5.376,2.796,6.237,4.731,6.882,7.957,2.366,4.731,6.452,Positive_936,1
4.412,4.412,2.941,1.471,10.294,1.471,2.941,11.765,2.941,2.941,14.706,5.882,2.941,4.412,1.471,10.294,7.353,0.0,5.882,1.471,Negative_137,0
8.704,8.907,0.607,3.239,2.227,7.49,6.478,7.895,3.441,1.619,11.134,3.036,1.619,4.251,7.49,7.085,5.466,1.417,1.215,6.68,Negative_367,0
5.501,5.697,4.715,5.108,1.768,8.644,4.519,7.269,2.358,5.501,9.627,4.519,2.161,4.322,6.287,5.894,5.305,2.161,3.733,4.912,Positive_1034,1
7.857,1.429,0.714,5.0,1.429,7.857,5.0,7.857,0.714,5.714,8.571,8.571,1.429,3.571,7.857,7.857,8.571,1.429,2.143,6.429,Negative_119,0
7.918,4.497,4.106,5.67,2.248,6.549,3.617,7.429,1.466,8.113,9.384,5.474,2.444,4.399,4.301,5.67,5.865,1.173,2.346,7.331,Positive_393,1
7.184,4.885,3.448,5.747,2.586,6.609,7.184,7.759,2.299,4.023,8.333,2.874,2.586,5.172,4.885,6.322,5.747,0.862,3.736,7.759,Positive_769,1
7.903,5.471,3.951,5.775,1.368,4.863,4.559,5.927,2.736,3.647,10.486,5.775,2.128,5.927,5.775,8.207,5.623,1.064,3.191,5.623,Positive_167,1
8.723,6.17,2.34,2.979,4.894,5.319,6.17,8.298,2.128,2.979,11.489,3.617,2.34,2.979,7.66,6.383,5.532,2.128,2.766,5.106,Negative_335,0
7.39,7.159,3.002,6.697,3.464,4.157,4.85,5.312,1.155,4.619,13.164,4.388,0.693,5.081,6.467,9.931,2.771,1.386,3.233,5.081,Negative_1281,0
7.075,3.302,2.201,2.987,2.201,3.931,2.83,8.962,1.572,5.346,14.937,2.987,4.088,6.289,5.031,6.447,5.031,2.673,4.874,7.233,Positive_390,1
14.465,3.774,1.258,3.145,3.145,1.258,2.516,8.176,6.289,2.516,16.981,3.145,1.887,1.887,4.403,7.547,3.145,3.145,3.145,8.176,Negative_353,0
6.028,5.319,3.191,7.092,2.482,10.284,3.546,7.092,1.773,3.191,10.993,5.674,1.064,4.61,6.028,7.092,5.674,1.064,1.418,6.383,Positive_1144,1
8.23,5.761,2.469,5.761,2.058,9.465,5.761,9.053,0.823,2.469,8.642,4.115,1.646,1.646,6.996,11.523,4.115,1.646,4.115,3.704,Negative_708,0
12.935,3.814,5.141,6.468,0.332,4.975,6.633,6.633,2.322,6.633,8.624,4.809,2.156,3.151,4.975,3.648,4.809,0.995,3.814,7.131,Positive_563,1
8.475,11.864,6.78,0.0,0.0,1.695,5.085,10.169,1.695,0.0,1.695,22.034,1.695,3.39,5.085,3.39,5.085,0.0,1.695,10.169,Negative_838,0
10.396,11.881,1.98,4.455,2.97,12.871,6.436,12.376,0.495,0.495,15.842,1.98,1.485,0.99,4.95,4.95,1.485,1.485,0.0,2.475,Negative_355,0
8.671,4.624,4.046,2.312,2.312,11.561,1.734,6.936,0.578,3.468,11.561,5.202,1.734,1.734,6.358,8.092,5.78,1.734,2.89,8.671,Negative_444,0
6.25,4.167,2.778,2.778,3.472,9.028,6.25,2.778,2.083,4.167,13.194,4.167,3.472,3.472,7.639,8.333,8.333,2.083,1.389,4.167,Negative_276,0
8.744,4.484,4.709,3.363,3.587,3.812,2.018,4.036,1.57,8.52,9.193,4.26,2.018,6.054,4.709,10.538,6.502,2.018,2.242,7.623,Positive_1,1
7.862,4.717,3.459,2.516,2.201,5.346,4.088,7.233,5.031,4.088,14.151,5.346,2.83,4.403,2.83,6.918,5.975,1.572,1.887,7.547,Positive_685,1
11.974,6.149,3.236,2.913,4.854,1.942,3.236,4.854,1.618,3.236,15.858,2.265,2.265,3.883,3.883,6.149,6.149,2.265,3.883,9.385,Negative_477,0
8.664,3.971,3.61,5.415,2.527,7.22,3.249,7.942,1.444,7.581,5.776,5.776,4.332,3.249,3.61,6.137,5.776,1.083,2.166,10.469,Positive_529,1
5.635,4.098,5.533,5.43,2.459,5.943,2.561,5.635,2.254,5.328,8.504,6.762,2.459,4.406,5.123,8.094,6.045,1.434,4.303,7.992,Positive_277,1
9.738,9.363,2.247,5.993,2.996,5.243,3.745,7.865,3.371,2.996,10.112,2.247,2.622,5.993,5.993,7.865,2.247,0.375,2.996,5.993,Positive_637,1
9.245,5.085,1.695,2.928,1.849,8.629,3.852,10.478,3.544,2.773,11.402,2.465,1.079,5.085,6.009,6.626,5.239,1.541,2.157,8.32,Negative_746,0
4.975,4.975,4.975,4.975,2.488,10.448,4.975,3.98,1.493,3.483,10.945,6.468,1.493,5.473,3.98,5.473,7.463,1.99,5.473,4.478,Positive_945,1
8.636,6.045,4.318,3.627,1.554,4.145,3.109,7.427,2.591,7.254,10.017,5.527,3.454,3.282,2.763,9.845,6.39,1.209,3.109,5.699,Positive_977,1
6.407,3.621,5.014,3.343,2.786,1.95,1.671,3.343,1.671,11.421,12.813,6.407,2.507,7.799,4.735,6.964,5.571,1.393,4.735,5.85,Positive_120,1
9.333,8.667,3.0,3.0,1.0,6.333,3.667,8.0,1.667,3.667,9.667,3.667,2.333,3.333,7.333,5.667,6.0,2.667,2.333,8.667,Negative_1184,0
6.814,4.788,3.499,4.42,1.657,7.735,3.499,8.287,1.473,5.157,7.919,6.814,2.578,3.867,6.077,6.446,6.814,1.842,4.604,5.709,Positive_1035,1
7.869,7.022,2.663,3.39,2.663,7.869,5.448,6.416,3.874,4.479,10.775,4.722,2.421,3.39,6.659,6.901,4.237,0.847,1.816,6.538,Negative_828,0
7.065,3.804,4.348,2.536,2.536,4.529,3.08,8.152,2.355,4.348,10.688,4.348,4.167,5.797,6.884,8.152,4.891,1.993,2.899,7.428,Positive_35,1
6.557,6.011,2.186,5.464,7.104,7.65,8.743,3.825,2.186,2.732,9.29,2.186,1.093,3.825,9.29,6.557,3.279,0.0,6.011,6.011,Negative_626,0
2.469,3.704,2.469,1.235,4.938,7.407,9.877,7.407,2.469,9.877,7.407,14.815,2.469,0.0,6.173,7.407,2.469,1.235,0.0,6.173,Negative_1287,0
8.108,5.856,3.604,4.955,0.45,8.108,2.703,5.856,0.901,6.306,13.514,9.91,3.604,4.505,5.405,5.405,2.252,0.45,4.054,4.054,Positive_435,1
8.549,7.952,3.38,2.584,1.392,6.163,5.368,4.97,3.777,3.579,14.911,3.38,2.982,5.169,6.163,5.368,3.777,1.789,2.386,6.362,Positive_793,1
5.653,5.263,3.899,6.238,1.17,4.678,3.314,7.212,2.729,7.018,8.187,7.018,2.534,8.187,5.653,4.873,6.043,1.754,4.094,4.483,Positive_1195,1
7.436,6.667,2.308,8.205,0.0,11.795,3.077,5.128,1.795,8.205,10.513,8.974,2.308,2.308,3.333,5.128,4.615,0.513,2.308,5.385,Positive_920,1
7.857,7.143,3.214,3.214,2.143,8.214,5.714,4.286,2.143,4.643,7.143,6.071,1.786,1.429,9.286,11.429,5.714,0.714,1.429,6.429,Negative_997,0
6.236,3.786,6.013,5.791,1.336,7.795,4.454,6.904,1.782,4.232,7.795,3.786,3.786,5.122,4.232,8.686,6.236,0.891,3.341,7.795,Positive_218,1
9.836,4.918,4.918,0.0,3.279,3.279,7.377,8.197,4.918,5.738,10.656,3.279,4.918,1.639,5.738,7.377,9.016,0.82,0.82,3.279,Negative_41,0
17.391,0.0,13.043,4.348,0.0,13.043,0.0,8.696,0.0,13.043,8.696,4.348,4.348,0.0,0.0,0.0,8.696,0.0,0.0,4.348,Negative_54,0
4.587,5.505,3.67,9.633,1.835,4.128,1.376,7.339,2.294,6.881,9.633,7.339,3.211,4.128,4.128,5.046,5.046,0.0,5.046,9.174,Positive_127,1
9.649,1.316,3.509,4.386,3.947,2.193,1.316,9.211,0.439,7.456,7.018,6.579,3.07,6.579,2.193,10.088,8.772,2.193,3.947,6.14,Negative_1163,0
8.348,2.541,6.534,6.715,0.0,3.993,4.719,9.437,1.996,4.537,7.26,6.715,1.089,4.356,3.085,6.352,7.26,0.907,6.534,7.623,Positive_561,1
6.333,3.093,7.511,5.302,0.147,5.596,3.976,7.953,1.325,6.775,8.1,8.689,1.62,3.093,3.829,7.806,6.775,0.442,5.449,6.186,Positive_323,1
16.0,4.522,2.261,3.826,1.043,5.565,2.783,10.609,1.565,3.826,12.696,4.87,2.957,1.391,4.174,7.478,5.043,0.87,0.696,7.826,Negative_333,0
3.413,3.558,5.737,5.882,4.575,6.391,5.519,4.938,2.033,3.558,7.262,7.407,2.614,3.922,6.245,9.586,7.262,0.799,3.341,5.955,Negative_1045,0
6.181,2.649,5.298,7.506,2.428,5.74,5.298,7.506,2.649,5.74,7.506,7.506,1.987,4.415,3.311,6.623,6.623,2.428,5.298,3.311,Positive_609,1
5.482,4.441,6.384,4.65,1.596,4.719,9.368,6.384,1.457,3.956,8.883,3.817,3.47,2.359,8.605,11.936,6.037,0.278,1.527,4.65,Negative_672,0
7.589,4.464,2.232,3.571,2.232,8.482,0.893,7.589,2.232,6.25,8.482,7.589,4.018,2.679,7.143,6.696,4.464,1.786,3.571,8.036,Negative_404,0
7.968,5.445,6.375,6.64,1.461,6.64,4.117,7.304,2.523,4.382,7.57,5.578,1.594,2.789,5.046,8.101,5.445,2.523,3.453,5.046,Positive_1088,1
6.061,7.879,2.424,3.636,7.273,3.03,3.636,6.667,0.606,3.03,11.515,1.818,3.03,1.818,12.727,8.485,6.667,0.606,1.818,7.273,Negative_199,0
7.975,9.202,0.613,2.454,3.681,9.202,6.748,6.135,3.067,2.454,10.429,6.748,0.613,5.521,6.748,4.294,3.681,1.84,0.613,7.975,Negative_950,0
9.141,4.922,4.141,4.375,0.547,5.859,4.141,7.734,1.484,8.125,9.297,6.641,2.5,5.469,2.266,6.875,5.391,0.859,2.734,7.5,Positive_1036,1
8.063,4.602,1.427,5.851,0.928,12.344,4.103,6.386,1.855,2.283,8.098,7.528,1.106,1.819,11.523,9.311,5.672,0.999,1.391,4.709,Positive_535,1
5.556,4.359,3.162,5.299,1.88,6.325,5.043,8.889,2.564,5.385,10.598,4.359,2.137,4.957,5.47,8.632,4.872,0.769,2.821,6.923,Positive_302,1
5.473,3.98,4.975,5.473,1.99,9.95,5.97,3.483,1.493,4.975,10.448,6.965,0.995,4.478,3.98,3.98,8.458,1.99,5.473,5.473,Positive_1025,1
5.706,5.706,2.402,2.703,4.204,4.505,2.703,13.514,3.303,3.303,9.009,4.505,1.802,3.303,6.607,12.312,6.306,0.901,3.904,3.303,Negative_1089,0
3.611,1.655,2.016,1.565,0.692,3.581,1.535,2.889,1.926,4.574,5.327,1.083,2.227,3.009,8.456,20.163,29.431,0.602,1.264,4.394,Negative_656,0
12.754,4.251,3.327,3.142,1.479,4.991,1.848,9.797,0.924,5.545,15.157,2.403,2.033,4.067,4.991,6.47,4.436,0.924,1.664,9.797,Positive_42,1
6.624,4.06,4.06,5.769,4.06,7.265,3.419,5.983,2.778,6.197,10.043,7.051,3.205,4.701,4.274,7.906,3.846,0.0,2.991,5.769,Positive_124,1
10.169,5.838,3.202,5.461,1.883,6.968,2.825,7.721,2.26,7.345,7.156,6.968,3.013,3.202,4.52,5.273,5.461,0.565,1.695,8.475,Positive_132,1
4.922,3.627,3.886,4.922,2.591,7.513,2.85,8.549,1.813,4.663,10.881,5.699,2.332,4.145,5.699,6.736,6.736,2.332,3.109,6.995,Positive_303,1
4.918,4.918,3.279,3.607,4.59,6.23,3.607,4.59,1.967,3.934,14.098,3.279,5.246,4.918,3.279,6.23,5.902,3.279,4.262,7.869,Negative_980,0
5.394,5.533,4.149,5.256,2.213,9.82,4.011,7.192,2.628,6.086,8.16,8.437,2.351,5.256,4.288,5.118,4.011,1.798,3.596,4.703,Positive_195,1
8.333,3.333,0.0,3.333,1.667,1.667,1.667,1.667,3.333,16.667,13.333,1.667,6.667,0.0,6.667,5.0,6.667,1.667,1.667,15.0,Negative_689,0
8.778,5.778,2.111,5.222,1.333,7.0,4.778,10.333,3.222,2.444,11.667,4.222,1.889,2.444,7.778,7.333,5.222,0.222,2.667,5.556,Positive_715,1
10.482,5.663,2.169,5.783,0.843,6.265,3.253,10.12,1.807,3.855,9.88,3.494,1.928,3.373,5.422,5.783,7.59,1.928,3.494,6.867,Positive_751,1
5.833,4.931,3.668,5.412,1.624,7.396,5.412,5.893,1.744,4.991,9.561,6.795,2.165,3.608,4.991,6.494,6.314,1.022,3.428,8.719,Positive_783,1
6.796,4.854,3.883,3.883,1.214,8.495,4.126,7.524,2.427,6.553,8.252,8.01,2.184,3.641,4.854,5.825,4.369,1.214,4.612,7.282,Positive_1020,1
4.732,5.363,3.785,5.678,1.893,5.678,3.47,4.732,4.101,3.47,10.41,6.309,1.893,5.047,7.571,7.256,5.678,2.839,2.839,7.256,Positive_833,1
4.464,4.464,3.72,7.589,2.976,6.25,4.167,6.994,3.125,4.613,7.44,8.78,3.125,6.25,5.804,5.06,4.167,1.19,2.976,6.845,Positive_1065,1
5.602,7.676,4.772,5.187,1.867,5.602,5.187,4.564,4.772,4.564,12.863,2.905,2.282,4.979,3.527,9.959,4.357,1.452,3.112,4.772,Positive_1151,1
7.668,4.952,3.035,5.591,1.278,4.952,5.112,4.792,3.355,4.633,10.543,6.55,3.195,4.473,5.591,7.348,4.952,1.118,3.834,7.029,Positive_296,1
4.942,5.523,3.488,5.523,2.616,8.576,4.506,5.814,3.488,4.942,10.465,8.721,3.052,5.523,3.924,5.669,3.924,1.017,3.343,4.942,Positive_99,1
5.247,6.173,4.321,4.475,2.16,4.475,5.093,5.401,3.549,4.938,8.333,5.864,3.086,4.475,5.556,10.185,6.327,1.389,2.315,6.636,Positive_108,1
14.583,2.778,4.861,7.639,2.083,6.944,9.028,2.778,1.389,5.556,11.806,3.472,1.389,2.083,4.167,8.333,5.556,0.0,2.083,3.472,Negative_624,0
6.157,2.76,5.945,4.246,3.185,3.822,3.822,3.822,1.274,7.219,12.102,5.732,3.185,5.308,2.972,11.253,5.732,1.486,2.972,7.006,Positive_91,1
11.848,6.872,4.028,6.161,1.422,5.45,4.265,8.294,1.659,6.635,10.427,2.607,1.422,2.133,4.739,4.502,4.739,0.948,2.607,9.242,Positive_763,1
5.489,5.489,3.819,5.012,2.148,8.592,3.819,7.16,1.909,5.967,9.308,5.012,3.58,5.251,4.057,5.489,6.205,1.909,2.864,6.921,Positive_1106,1
3.946,4.626,3.673,6.395,3.265,5.986,3.946,7.619,2.585,5.714,10.884,6.803,2.993,3.401,5.442,6.803,4.898,1.633,2.857,6.531,Positive_687,1
10.668,4.849,3.448,5.496,0.216,8.621,4.203,6.142,2.263,5.711,11.422,6.358,2.694,2.586,5.388,4.203,5.388,0.754,3.448,6.142,Positive_297,1
6.268,3.134,2.279,8.547,1.425,8.832,3.419,6.268,1.425,2.279,11.396,9.117,2.849,2.849,8.262,9.402,5.128,0.57,1.994,4.558,Positive_995,1
8.267,2.4,2.933,4.533,4.267,5.333,1.867,9.6,2.133,6.933,7.733,8.533,2.933,4.0,5.333,6.133,5.867,0.533,1.067,9.6,Negative_80,0
9.344,6.885,5.246,4.59,0.328,6.393,2.459,6.885,0.82,6.885,8.033,8.689,2.295,1.967,3.607,6.885,5.738,0.164,3.77,9.016,Positive_92,1
8.232,5.327,6.053,4.6,0.969,6.295,3.632,6.78,2.179,4.6,8.959,5.085,1.453,5.569,5.811,6.538,5.327,2.179,2.906,7.506,Positive_1064,1
8.244,7.706,3.405,4.122,1.971,5.735,4.48,6.272,2.867,3.584,11.649,2.867,2.151,3.763,6.093,7.348,4.659,2.509,4.122,6.452,Negative_132,0
10.487,7.303,2.809,4.682,1.873,4.494,3.933,7.116,2.434,2.809,11.423,3.745,1.498,3.745,7.116,9.925,3.933,2.06,1.498,7.116,Negative_667,0
7.534,2.74,4.795,8.219,1.37,10.274,4.11,6.849,4.795,4.795,11.644,4.11,4.795,3.425,4.795,6.164,3.425,0.685,2.74,2.74,Positive_1176,1
4.255,5.319,7.447,1.064,2.128,1.064,4.255,4.255,8.511,2.128,20.213,3.191,3.191,5.319,3.191,8.511,6.383,4.255,2.128,3.191,Negative_666,0
7.459,6.63,3.453,6.768,0.829,8.149,3.177,7.873,3.177,7.459,7.182,5.249,1.243,3.177,4.972,7.873,4.558,0.691,3.591,6.492,Positive_883,1
3.409,5.303,3.03,6.818,1.894,4.924,4.545,8.712,1.894,8.712,6.061,3.788,1.136,3.788,5.303,8.712,5.682,0.379,4.167,11.742,Negative_317,0
9.329,7.289,2.624,6.122,2.624,7.872,4.082,6.706,2.332,0.875,11.662,7.289,2.041,2.624,4.373,8.163,5.248,1.749,2.624,4.373,Negative_1221,0
8.544,7.595,3.481,2.215,2.532,5.696,1.899,7.278,3.481,3.481,12.658,5.696,1.266,4.747,2.848,7.911,6.013,1.266,2.532,8.861,Positive_391,1
8.813,7.036,3.412,5.757,1.066,7.747,3.554,8.173,1.493,6.539,9.879,6.183,2.559,2.488,4.051,5.046,5.473,0.64,2.416,7.676,Positive_850,1
11.782,6.042,3.625,3.927,1.511,6.949,2.417,7.855,3.323,5.136,12.387,5.438,1.208,2.719,4.23,6.042,6.344,1.208,1.813,6.042,Positive_330,1
9.756,5.827,3.117,5.827,3.794,5.827,3.659,9.214,2.71,2.168,9.621,3.388,1.491,3.388,5.014,7.453,4.336,1.355,3.794,8.266,Negative_1124,0
7.965,7.965,4.425,1.77,6.195,1.77,4.425,9.735,4.425,4.425,6.195,2.655,0.885,1.77,15.929,4.425,6.195,1.77,0.885,6.195,Negative_524,0
8.278,6.954,3.311,3.974,4.967,7.947,5.96,8.609,4.967,3.974,8.609,4.636,1.656,3.311,4.967,7.285,4.305,0.662,0.993,4.636,Negative_909,0
7.692,5.769,1.923,1.923,0.0,0.0,3.846,5.769,1.923,3.846,17.308,1.923,5.769,1.923,19.231,7.692,9.615,0.0,0.0,3.846,Negative_42,0
2.899,8.696,1.449,7.246,11.594,7.246,1.449,1.449,1.449,7.246,10.145,7.246,2.899,5.797,2.899,2.899,7.246,0.0,7.246,2.899,Negative_1190,0
5.814,3.488,3.488,5.814,1.744,10.465,1.744,9.302,4.07,5.233,10.465,7.558,2.326,5.233,5.233,6.977,2.907,1.163,2.326,4.651,Positive_662,1
9.556,5.333,3.556,5.556,1.778,5.556,5.778,7.333,3.778,4.444,8.889,4.444,1.556,4.444,5.333,5.556,3.556,0.444,3.556,9.556,Positive_630,1
13.898,4.407,1.695,1.695,2.373,3.729,3.729,8.136,3.39,0.0,16.61,2.034,2.373,5.763,6.441,7.797,6.102,1.356,2.373,6.102,Negative_110,0
13.226,4.839,5.806,3.871,0.323,2.581,3.226,3.871,2.258,4.194,10.0,6.774,4.839,3.226,5.161,7.419,7.742,0.645,2.903,7.097,Positive_878,1
0.0,0.0,14.286,14.286,0.0,0.0,0.0,14.286,0.0,0.0,14.286,0.0,0.0,0.0,14.286,0.0,14.286,0.0,0.0,14.286,Negative_60,0
10.312,4.688,1.25,4.062,1.875,2.812,5.625,12.188,5.0,1.25,13.438,0.625,2.188,1.875,13.438,5.312,5.0,3.125,1.562,4.375,Negative_1269,0
12.174,11.304,2.609,5.217,1.739,5.217,6.087,7.826,1.739,2.609,9.565,1.739,4.348,0.87,6.957,8.696,1.739,0.87,3.478,5.217,Negative_168,0
3.938,3.965,5.449,4.478,3.912,4.694,3.777,10.089,2.617,5.962,6.825,2.994,1.241,5.206,6.879,9.819,6.879,1.538,4.019,5.719,Negative_278,0
4.215,1.149,5.364,2.682,0.766,4.981,3.831,5.364,0.766,6.513,9.195,6.897,1.533,1.149,6.13,13.793,16.092,0.383,0.766,8.429,Negative_1305,0
4.803,4.148,3.712,2.838,2.402,5.677,7.424,6.55,1.528,3.93,13.755,9.389,1.528,3.275,4.585,8.297,6.114,2.183,0.655,7.205,Positive_787,1
9.434,2.642,3.396,3.396,3.019,7.925,4.151,7.547,1.509,5.66,12.075,6.415,0.755,3.019,6.038,8.679,5.66,0.755,3.396,4.528,Negative_488,0
5.069,2.995,2.304,1.843,1.152,5.991,7.373,7.373,4.147,3.687,7.834,1.613,1.613,5.3,12.212,12.212,5.76,0.461,2.995,8.065,Negative_38,0
5.099,5.666,2.833,2.55,1.133,3.116,5.382,7.932,2.55,1.7,19.263,1.983,1.416,2.266,11.331,9.065,10.198,0.567,1.133,4.816,Negative_970,0
8.299,9.129,2.905,5.809,3.32,8.091,3.734,4.149,3.32,1.452,7.054,6.639,1.66,2.905,5.809,12.241,6.224,1.867,1.245,4.149,Negative_240,0
6.615,5.058,2.724,3.307,3.307,6.226,4.086,8.171,4.086,5.253,9.144,5.058,3.696,5.447,6.031,6.031,5.447,0.973,2.14,7.198,Positive_21,1
8.416,2.97,3.96,4.455,3.465,7.921,5.941,7.426,0.99,3.465,10.891,7.921,2.475,3.465,2.97,3.465,9.406,2.475,2.475,5.446,Positive_611,1
9.843,5.512,1.575,1.575,1.969,2.756,3.543,9.449,2.756,6.299,14.173,2.756,1.181,8.268,6.693,5.512,3.937,1.575,6.299,4.331,Positive_948,1
2.105,6.316,2.105,3.158,7.368,4.211,2.105,9.474,6.316,3.158,14.737,2.105,3.158,1.053,8.421,10.526,2.105,2.105,2.105,7.368,Negative_48,0
9.43,7.895,2.632,5.263,2.851,6.798,6.14,5.044,1.974,1.535,8.553,8.991,0.877,3.947,8.553,8.553,3.289,0.877,0.877,5.921,Negative_506,0
14.189,10.473,1.351,5.743,2.365,6.757,2.027,10.473,2.027,1.351,13.851,1.014,1.351,3.716,5.743,4.73,4.054,0.676,1.689,6.419,Negative_775,0
7.676,6.503,4.691,4.371,1.279,6.29,3.625,6.397,2.345,5.65,8.742,5.757,3.092,4.371,4.158,7.783,5.757,1.599,2.772,7.143,Positive_939,1
4.889,4.889,4.444,7.556,3.556,7.556,4.889,4.0,1.333,5.778,11.556,8.0,3.556,6.667,4.0,4.889,3.556,1.778,4.444,2.667,Positive_436,1
6.701,4.124,5.155,3.608,1.546,5.67,1.031,6.186,4.639,10.825,7.732,7.216,3.093,4.124,4.124,6.701,7.216,1.031,2.577,6.701,Positive_774,1
1.587,4.762,3.175,1.587,0.0,6.349,1.587,6.349,3.175,1.587,19.048,3.175,4.762,1.587,7.937,12.698,9.524,1.587,1.587,7.937,Negative_492,0
7.984,5.954,3.383,5.683,1.759,7.713,4.06,5.954,2.03,4.871,9.608,7.037,2.706,5.142,5.277,5.819,4.465,0.541,2.842,7.172,Positive_494,1
6.14,8.772,4.386,4.825,2.632,7.895,1.754,7.018,3.947,3.947,10.088,3.947,1.316,4.825,6.579,11.842,3.947,0.877,1.316,3.947,Positive_249,1
9.28,7.2,2.72,3.68,2.88,7.36,4.64,7.04,3.04,2.56,9.76,4.48,1.12,3.84,8.64,5.44,5.6,0.8,1.92,8.0,Negative_505,0
5.505,7.339,3.67,1.835,0.0,6.422,0.917,10.092,7.339,1.835,9.174,2.752,3.67,4.587,9.174,8.257,4.587,1.835,2.752,8.257,Negative_319,0
8.345,8.633,1.295,4.317,1.583,4.892,3.741,8.058,2.014,4.748,9.64,4.029,2.158,4.46,6.043,9.209,4.604,1.727,3.022,7.482,Positive_1125,1
10.153,4.598,3.257,4.023,1.916,5.747,2.107,8.812,3.065,5.556,8.238,6.513,3.257,3.065,5.364,6.513,6.13,0.766,2.49,8.429,Positive_358,1
9.783,11.957,3.261,1.087,0.0,1.087,5.435,11.957,2.174,2.174,13.043,6.522,2.174,1.087,7.609,7.609,3.261,4.348,1.087,4.348,Negative_823,0
11.41,6.656,1.743,3.011,2.694,8.241,5.864,5.388,1.585,3.17,13.629,4.596,1.743,1.585,9.826,7.29,4.754,0.475,2.694,3.645,Negative_259,0
9.738,4.869,2.622,1.873,2.996,4.869,2.622,5.243,3.371,2.622,10.112,3.371,1.873,0.375,10.112,13.858,10.861,1.498,1.873,5.243,Negative_511,0
7.66,4.762,3.52,5.383,0.621,4.969,3.106,7.867,2.899,4.141,7.039,7.039,2.899,6.004,6.418,7.039,5.797,1.449,5.383,6.004,Positive_1013,1
5.164,6.573,0.939,4.225,2.817,5.634,6.103,4.225,2.817,3.756,10.798,2.817,2.817,3.756,7.981,9.39,5.634,1.878,3.756,8.92,Negative_688,0
3.622,3.527,7.626,4.766,2.574,4.862,4.29,2.765,2.574,5.434,15.634,7.15,1.811,5.72,4.385,8.77,4.671,1.335,3.337,5.148,Positive_1203,1
6.541,5.208,3.706,5.063,2.108,7.171,4.554,4.53,2.18,4.821,12.839,6.686,2.859,4.748,4.53,7.922,4.433,1.187,2.859,6.056,Positive_1138,1
12.796,5.45,2.37,5.687,0.711,6.398,2.607,8.057,2.844,4.976,10.427,3.791,1.659,2.607,4.739,6.872,5.45,1.896,2.133,8.531,Positive_145,1
9.392,3.499,1.473,4.42,1.105,10.497,4.052,8.471,2.21,1.842,15.838,2.21,1.289,2.21,9.392,9.576,4.42,1.289,1.473,5.341,Negative_166,0
11.905,1.786,3.571,1.786,0.595,1.19,5.357,12.5,1.19,2.381,5.357,1.19,3.571,2.976,17.857,5.357,6.548,0.595,7.143,7.143,Negative_336,0
4.211,1.053,4.211,0.0,1.053,4.211,6.316,3.158,5.263,5.263,5.263,6.316,2.105,3.158,21.053,13.684,5.263,2.105,0.0,6.316,Negative_334,0
5.742,4.306,3.349,2.871,1.914,8.134,2.392,4.785,1.435,4.785,10.526,11.483,0.478,7.656,7.177,6.699,2.392,1.435,2.871,9.569,Positive_668,1
8.083,5.451,4.323,3.008,3.195,4.887,3.195,3.759,1.504,5.263,9.774,7.143,2.068,3.195,5.639,7.707,8.083,2.444,4.135,7.143,Positive_46,1
8.128,2.463,4.187,2.956,0.985,3.448,8.867,6.158,2.217,3.941,6.404,5.419,4.187,2.217,9.36,10.345,7.882,0.985,5.172,4.68,Negative_805,0
5.6,4.8,5.6,2.4,8.8,3.2,4.0,7.2,2.4,0.8,16.8,4.0,2.4,2.4,5.6,5.6,8.0,2.4,2.4,5.6,Negative_608,0
10.106,6.56,2.128,5.319,1.596,5.319,4.433,9.043,3.191,5.142,9.22,4.965,1.95,4.255,4.61,7.447,4.255,1.95,2.837,5.674,Positive_680,1
9.082,4.171,2.224,2.873,3.707,3.614,5.375,7.6,2.41,3.522,15.199,2.41,1.761,3.522,7.6,8.99,5.839,2.039,2.039,6.024,Negative_466,0
11.255,7.611,2.348,5.587,1.7,6.397,2.51,8.178,2.591,4.372,9.798,4.13,1.7,4.858,6.397,4.372,4.858,0.729,3.887,6.721,Positive_226,1
0.0,0.0,10.0,10.0,0.0,20.0,0.0,30.0,0.0,0.0,10.0,0.0,0.0,0.0,10.0,0.0,0.0,0.0,10.0,0.0,Negative_52,0
10.299,2.99,1.329,2.99,2.658,3.322,4.319,10.963,0.997,4.319,10.631,6.977,4.651,6.312,3.322,6.645,4.983,0.664,4.651,6.977,Positive_207,1
7.375,7.965,2.95,7.375,0.59,7.08,4.13,3.835,0.885,5.015,11.209,6.195,2.065,5.015,5.31,6.785,4.425,1.18,3.835,6.785,Positive_971,1
14.516,2.419,0.0,3.226,1.613,4.032,5.645,8.871,0.806,0.0,7.258,0.806,0.0,1.613,17.742,13.71,4.839,2.419,3.226,7.258,Negative_68,0
8.883,9.645,1.015,4.822,1.269,8.629,3.807,8.629,2.284,4.569,11.675,3.046,1.523,3.046,4.315,5.33,4.822,1.523,4.061,7.107,Positive_575,1
5.439,5.584,5.33,5.62,2.175,8.303,4.569,5.185,2.611,5.511,11.276,6.091,2.574,4.496,3.59,6.635,4.75,0.761,2.538,6.962,Positive_1155,1
8.98,6.088,3.044,4.566,1.826,8.067,2.435,6.697,3.044,5.784,10.807,5.784,1.674,3.044,5.175,6.393,5.023,1.065,2.588,7.915,Positive_1096,1
7.809,5.423,1.952,2.603,2.603,3.254,3.037,6.725,3.905,2.82,16.486,2.82,2.82,6.725,3.037,7.375,4.772,3.037,4.121,8.677,Negative_1278,0
8.421,6.184,0.789,2.5,3.158,4.474,5.0,7.368,4.868,2.632,16.974,1.579,1.447,3.289,8.684,6.974,3.816,3.026,1.842,6.974,Negative_1266,0
6.383,4.255,4.255,3.723,3.191,7.447,4.255,6.915,3.191,4.787,11.17,4.255,3.191,5.319,6.383,6.383,6.383,1.596,3.723,3.191,Negative_107,0
6.4,4.0,4.8,5.067,1.333,10.133,1.6,8.0,2.133,4.533,12.0,8.8,1.6,5.867,4.533,4.533,3.2,0.8,5.067,5.6,Positive_746,1
3.704,1.235,3.704,0.0,3.704,1.235,2.469,7.407,2.469,8.642,13.58,3.704,3.704,7.407,8.642,2.469,4.938,6.173,4.938,9.877,Negative_1009,0
4.348,1.449,7.246,2.899,4.348,2.899,5.797,2.899,2.899,4.348,14.493,0.0,8.696,5.797,4.348,10.145,7.246,1.449,4.348,4.348,Negative_51,0
5.808,4.848,4.747,4.596,1.97,7.273,2.727,6.01,1.313,7.879,9.646,6.061,3.384,7.121,3.99,7.071,4.646,1.465,2.929,6.515,Positive_960,1
13.623,8.234,2.545,4.042,2.246,7.934,4.641,7.186,1.946,1.796,11.377,1.946,2.246,4.341,6.437,6.138,4.042,1.198,2.695,5.389,Negative_877,0
13.793,5.172,3.448,6.034,0.862,4.31,6.034,4.31,0.0,8.621,8.621,6.034,3.448,1.724,6.897,5.172,5.172,1.724,1.724,6.897,Positive_1133,1
7.692,1.099,4.396,7.692,3.297,5.495,5.495,7.692,4.396,6.593,9.89,4.396,4.396,0.0,3.297,7.692,7.692,0.0,0.0,8.791,Negative_1029,0
5.085,5.085,3.39,4.237,3.39,2.542,1.695,5.085,0.847,12.712,13.559,3.39,1.695,7.627,5.085,7.627,5.932,0.847,5.085,5.085,Negative_195,0
5.747,5.747,2.299,3.448,1.149,6.897,5.747,11.494,2.299,5.747,5.747,9.195,2.299,5.747,11.494,2.299,5.747,1.149,1.149,4.598,Negative_243,0
8.284,4.734,3.55,0.592,2.367,2.959,1.775,8.284,4.734,5.325,16.568,3.55,5.325,3.55,5.325,8.284,4.142,2.367,2.367,5.917,Negative_156,0
10.169,6.102,3.729,4.068,5.085,2.373,7.119,9.153,1.695,3.39,6.441,1.017,2.712,2.712,8.136,11.186,4.407,1.356,3.051,6.102,Negative_1201,0
6.276,7.95,3.766,5.858,3.766,7.113,1.674,9.205,2.929,5.439,10.46,5.439,1.674,4.184,3.766,3.766,3.766,1.674,5.021,6.276,Positive_1197,1
8.585,6.041,3.18,4.293,2.862,4.134,3.021,7.79,3.657,3.657,12.719,2.067,1.431,3.339,10.016,6.677,4.61,3.339,3.498,5.087,Negative_117,0
5.586,4.19,4.938,5.137,1.895,6.983,2.843,5.337,0.948,7.182,10.075,6.584,3.541,7.082,3.691,7.93,4.988,1.397,2.993,6.683,Positive_604,1
10.823,7.576,1.515,3.463,1.732,3.463,3.896,5.628,3.68,4.762,11.688,2.165,2.597,2.814,6.277,7.359,6.71,2.381,2.814,8.658,Negative_1207,0
6.424,5.139,5.353,5.782,0.642,4.711,5.567,7.066,2.141,5.353,7.709,4.711,1.713,7.923,6.638,7.066,5.139,1.713,5.139,4.069,Positive_539,1
7.345,4.237,4.52,4.802,0.847,5.65,4.802,6.215,2.542,4.52,13.842,7.345,3.39,4.237,3.955,6.215,6.78,1.412,3.107,4.237,Positive_225,1
4.348,5.28,4.348,4.969,3.416,5.901,4.348,7.764,3.106,5.59,10.87,4.037,1.863,7.453,6.211,7.764,4.348,0.311,2.795,5.28,Negative_270,0
6.667,4.889,4.667,5.778,1.778,8.222,4.667,7.556,2.444,4.222,7.333,3.556,4.222,4.889,4.444,7.111,6.0,0.889,3.778,6.889,Positive_1150,1
3.165,6.962,5.696,1.899,5.063,6.962,6.329,5.696,2.532,7.595,10.127,7.595,1.899,1.899,4.43,5.696,5.696,1.899,3.165,5.696,Negative_691,0
9.929,5.674,3.546,4.965,1.418,6.383,6.383,5.674,2.837,1.418,12.057,4.255,3.546,4.965,6.383,11.348,4.255,0.0,1.418,3.546,Negative_161,0
6.546,6.546,5.192,3.612,2.709,3.386,2.032,2.709,3.16,7.675,9.932,5.192,3.386,4.289,6.095,7.449,6.546,1.58,3.837,8.126,Positive_1058,1
7.424,3.057,6.114,3.93,6.114,2.62,6.55,8.734,2.62,4.803,13.537,3.493,2.183,3.493,6.114,4.803,7.86,1.31,1.31,3.93,Negative_109,0
11.993,4.233,3.175,6.702,1.411,5.115,3.351,9.7,3.704,7.76,7.231,2.998,2.822,2.469,4.938,4.056,7.231,1.235,1.587,8.289,Positive_62,1
4.594,5.3,5.83,5.035,2.385,7.597,3.975,5.477,2.915,6.714,9.629,6.979,2.65,4.77,4.505,6.36,4.77,1.237,4.329,4.947,Positive_722,1
8.929,12.5,0.0,3.571,1.786,3.571,5.357,1.786,1.786,5.357,8.929,0.0,3.571,5.357,14.286,8.929,7.143,3.571,0.0,3.571,Negative_1061,0
7.302,5.882,4.462,4.26,2.231,6.491,2.84,6.694,1.42,6.288,12.17,2.231,1.014,4.462,6.491,5.68,5.68,1.826,3.043,9.533,Positive_904,1
0.0,0.0,0.0,0.0,15.278,2.778,16.667,0.0,0.0,0.0,0.0,11.111,1.389,0.0,38.889,4.167,2.778,0.0,4.167,2.778,Negative_900,0
12.037,3.704,0.617,1.543,2.469,5.864,4.63,8.951,2.469,4.012,20.988,1.543,1.852,4.012,6.173,6.173,3.395,0.926,0.926,7.716,Negative_853,0
